"1": [[0111101110],
     [0000000000],
     [1000000001],
     [0000000001],
     [1000000000],
     [1000000001],
     [0000000000],
     [1000000000],
     [0000000000],
     [0110101110]]
"2": [[0111100000],
     [0000000000],
     [1010000010],
     [1010010000],
     [0010000000],
     [0000001000],
     [0010000000],
     [0000000001],
     [0000000001],
     [0111001100]]
"3": [[0100000000],
     [0001111000],
     [0000000001],
     [1000000000],
     [1011000011],
     [1000000000],
     [0010000000],
     [0000100100],
     [0000100000],
     [1110000000]]
"4": [[0000010010],
     [0001000010],
     [1100000000],
     [0000001000],
     [0010001000],
     [0010001010],
     [0000001000],
     [0111000010],
     [0000000000],
     [0000011100]]
"5": [[0000000110],
     [0100100000],
     [0000100010],
     [0000000000],
     [0000011101],
     [0100000001],
     [0100000000],
     [0100010000],
     [0100010101],
     [0000010000]]